Running K-Means Implementations on datasets/3.txt

===== Running serial on datasets/3.txt =====
Break in iteration 177

Cluster 1
Cluster values: 90004.9 1169.32 441.651 261.816 1.69253 0.800925 91433.6 338.35 0.755603 0.984387 0.827935 0.767498 0.00491679 0.00105653 0.590178 0.991804 

Cluster 2
Cluster values: 28295.4 624.864 230.567 156.642 1.47572 0.728341 28645.9 189.619 0.754144 0.987728 0.90976 0.823577 0.00818047 0.00232867 0.679217 0.996893 

Cluster 3
Cluster values: 35526.3 697.102 252.26 180.318 1.40941 0.681396 35920.5 212.603 0.759896 0.989015 0.919159 0.84578 0.00711322 0.00226059 0.717989 0.997302 

Cluster 4
Cluster values: 41839.8 764.379 280.942 191.132 1.48313 0.713905 42319.2 230.748 0.754372 0.98869 0.901514 0.82566 0.00671717 0.00194625 0.684995 0.996379 

Cluster 5
Cluster values: 158101 1510.61 560.876 361.468 1.55382 0.760223 160105 448.313 0.774875 0.987532 0.870088 0.800795 0.00355501 0.000906147 0.64212 0.992639 

Cluster 6
Cluster values: 195500 1693.24 639.644 392.684 1.63246 0.786177 198292 498.532 0.779176 0.985991 0.856212 0.780448 0.00328119 0.000753097 0.609877 0.9907 

Cluster 7
Cluster values: 67987.6 1022.79 383.403 228.08 1.69294 0.796021 69092.6 294.155 0.746958 0.984031 0.818146 0.769796 0.00564596 0.00123078 0.594645 0.992872 

Cluster 8
Cluster values: 48811.1 847.417 325.31 193.2 1.70343 0.787957 49433.4 249.23 0.735615 0.987453 0.85698 0.771688 0.00666328 0.00148056 0.599446 0.994772 

Cluster 9
Cluster values: 77515.5 1086.9 408.54 243.841 1.68136 0.797658 78749.8 314.096 0.756167 0.984338 0.825951 0.770308 0.00527452 0.00115032 0.594552 0.992176 

Cluster 10
Cluster values: 57673.6 947.431 371.248 200.14 1.87332 0.832684 58541.7 270.904 0.720855 0.98521 0.808614 0.733245 0.00644676 0.00116156 0.540491 0.992616 

TOTAL EXECUTION TIME = 730932
TIME PHASE 1 = 5
TIME PHASE 2 = 730926
SERIAL, AVERAGE TIME PER ITERATION = 4129.53 µs
PHASE 2 THROUGHPUT = 3.29602e+06 points per second
PHASE 2 LATENCY = 0.303396 µs per point
serial Execution Completed!

===== Running parallel on datasets/3.txt =====
Break in iteration 177

Cluster 1
Cluster values: 90004.9 1169.32 441.651 261.816 1.69253 0.800925 91433.6 338.35 0.755603 0.984387 0.827935 0.767498 0.00491679 0.00105653 0.590178 0.991804 

Cluster 2
Cluster values: 28295.4 624.864 230.567 156.642 1.47572 0.728341 28645.9 189.619 0.754144 0.987728 0.90976 0.823577 0.00818047 0.00232867 0.679217 0.996893 

Cluster 3
Cluster values: 35526.3 697.102 252.26 180.318 1.40941 0.681396 35920.5 212.603 0.759896 0.989015 0.919159 0.84578 0.00711322 0.00226059 0.717989 0.997302 

Cluster 4
Cluster values: 41839.8 764.379 280.942 191.132 1.48313 0.713905 42319.2 230.748 0.754372 0.98869 0.901514 0.82566 0.00671717 0.00194625 0.684995 0.996379 

Cluster 5
Cluster values: 158101 1510.61 560.876 361.468 1.55382 0.760223 160105 448.313 0.774875 0.987532 0.870088 0.800795 0.00355501 0.000906147 0.64212 0.992639 

Cluster 6
Cluster values: 195500 1693.24 639.644 392.684 1.63246 0.786177 198292 498.532 0.779176 0.985991 0.856212 0.780448 0.00328119 0.000753097 0.609877 0.9907 

Cluster 7
Cluster values: 67987.6 1022.79 383.403 228.08 1.69294 0.796021 69092.6 294.155 0.746958 0.984031 0.818146 0.769796 0.00564596 0.00123078 0.594645 0.992872 

Cluster 8
Cluster values: 48811.1 847.417 325.31 193.2 1.70343 0.787957 49433.4 249.23 0.735615 0.987453 0.85698 0.771688 0.00666328 0.00148056 0.599446 0.994772 

Cluster 9
Cluster values: 77515.5 1086.9 408.54 243.841 1.68136 0.797658 78749.8 314.096 0.756167 0.984338 0.825951 0.770308 0.00527452 0.00115032 0.594552 0.992176 

Cluster 10
Cluster values: 57673.6 947.431 371.248 200.14 1.87332 0.832684 58541.7 270.904 0.720855 0.98521 0.808614 0.733245 0.00644676 0.00116156 0.540491 0.992616 

TOTAL EXECUTION TIME = 22856 µs
TIME PHASE 1 = 6 µs
TIME PHASE 2 = 22850 µs
PARALLEL, AVERAGE TIME PER ITERATION = 129.096 µs
PHASE 2 THROUGHPUT = 1.05433e+08 points per second
PHASE 2 LATENCY = 0.00948468 µs per point
parallel Execution Completed!

